# amplicon position	effect
1	0.000000000000000000e+00
2	0.000000000000000000e+00
3	0.000000000000000000e+00
4	0.000000000000000000e+00
5	0.000000000000000000e+00
6	0.000000000000000000e+00
7	0.000000000000000000e+00
8	0.000000000000000000e+00
9	0.000000000000000000e+00
10	0.000000000000000000e+00
11	0.000000000000000000e+00
12	0.000000000000000000e+00
13	0.000000000000000000e+00
14	0.000000000000000000e+00
15	0.000000000000000000e+00
16	0.000000000000000000e+00
17	0.000000000000000000e+00
18	0.000000000000000000e+00
19	0.000000000000000000e+00
20	0.000000000000000000e+00
21	0.000000000000000000e+00
22	0.000000000000000000e+00
23	0.000000000000000000e+00
24	0.000000000000000000e+00
25	0.000000000000000000e+00
26	0.000000000000000000e+00
27	0.000000000000000000e+00
28	0.000000000000000000e+00
29	0.000000000000000000e+00
30	0.000000000000000000e+00
31	0.000000000000000000e+00
32	0.000000000000000000e+00
33	0.000000000000000000e+00
34	0.000000000000000000e+00
35	0.000000000000000000e+00
36	0.000000000000000000e+00
37	0.000000000000000000e+00
38	0.000000000000000000e+00
39	0.000000000000000000e+00
40	0.000000000000000000e+00
41	0.000000000000000000e+00
42	0.000000000000000000e+00
43	0.000000000000000000e+00
44	0.000000000000000000e+00
45	0.000000000000000000e+00
46	0.000000000000000000e+00
47	0.000000000000000000e+00
48	0.000000000000000000e+00
49	0.000000000000000000e+00
50	0.000000000000000000e+00
51	0.000000000000000000e+00
52	0.000000000000000000e+00
53	0.000000000000000000e+00
54	0.000000000000000000e+00
55	0.000000000000000000e+00
56	0.000000000000000000e+00
57	0.000000000000000000e+00
58	0.000000000000000000e+00
59	0.000000000000000000e+00
60	0.000000000000000000e+00
61	0.000000000000000000e+00
62	0.000000000000000000e+00
63	0.000000000000000000e+00
64	0.000000000000000000e+00
65	0.000000000000000000e+00
66	0.000000000000000000e+00
67	0.000000000000000000e+00
68	0.000000000000000000e+00
69	0.000000000000000000e+00
70	0.000000000000000000e+00
71	0.000000000000000000e+00
72	0.000000000000000000e+00
73	0.000000000000000000e+00
74	0.000000000000000000e+00
75	0.000000000000000000e+00
76	0.000000000000000000e+00
77	0.000000000000000000e+00
78	0.000000000000000000e+00
79	0.000000000000000000e+00
80	0.000000000000000000e+00
81	0.000000000000000000e+00
82	0.000000000000000000e+00
83	0.000000000000000000e+00
84	0.000000000000000000e+00
85	0.000000000000000000e+00
86	0.000000000000000000e+00
87	0.000000000000000000e+00
88	0.000000000000000000e+00
89	0.000000000000000000e+00
90	0.000000000000000000e+00
91	0.000000000000000000e+00
92	0.000000000000000000e+00
93	0.000000000000000000e+00
94	0.000000000000000000e+00
95	0.000000000000000000e+00
96	0.000000000000000000e+00
97	0.000000000000000000e+00
98	0.000000000000000000e+00
99	2.495840266222961734e-01
100	2.495840266222961734e-01
101	2.495840266222961734e-01
102	2.495840266222961734e-01
103	2.495840266222961734e-01
104	2.495840266222961734e-01
105	3.327787021630615460e-01
106	3.327787021630615460e-01
107	3.327787021630615460e-01
108	3.327787021630615460e-01
109	3.327787021630615460e-01
110	3.327787021630615460e-01
111	3.327787021630615460e-01
112	3.327787021630615460e-01
113	3.327787021630615460e-01
114	4.159733777038269742e-01
115	4.159733777038269742e-01
116	4.159733777038269742e-01
117	4.159733777038269742e-01
118	4.159733777038269742e-01
119	4.159733777038269742e-01
120	4.159733777038269742e-01
121	4.159733777038269742e-01
122	4.159733777038269742e-01
123	4.159733777038269742e-01
124	4.159733777038269742e-01
125	4.991680532445923468e-01
126	4.991680532445923468e-01
127	4.991680532445923468e-01
128	4.991680532445923468e-01
129	5.823627287853577750e-01
130	1.663893510815307897e+00
131	1.913477537437604070e+00
132	1.996672212978369387e+00
133	2.079866888519134704e+00
134	2.163061564059900022e+00
135	2.579034941763727051e+00
136	2.745424292845257686e+00
137	2.911813643926788764e+00
138	3.660565723793677062e+00
139	3.826955074875208140e+00
140	3.993344425956738775e+00
141	4.242928452579034726e+00
142	4.658901830282862200e+00
143	4.908485856905158151e+00
144	5.158069883527454103e+00
145	5.324459234608984737e+00
146	5.657237936772046893e+00
147	1.231281198003327759e+01
148	2.762063227953411015e+01
149	2.970049916805324486e+01
150	1.514143094841930193e+01
151	1.464226289517470825e+01
152	1.198003327787021632e+01
153	4.991680532445923468e+00
154	4.492512479201330677e+00
155	3.910149750415973458e+00
156	2.329450915141431100e+00
157	2.163061564059900022e+00
158	1.996672212978369387e+00
159	1.497504159733777040e+00
160	1.331114808652246184e+00
161	9.151414309484192655e-01
162	9.151414309484192655e-01
163	7.487520798668885202e-01
164	5.823627287853577750e-01
165	4.991680532445923468e-01
166	4.159733777038269742e-01
167	4.159733777038269742e-01
168	3.327787021630615460e-01
169	3.327787021630615460e-01
170	2.495840266222961734e-01
171	2.495840266222961734e-01
172	2.495840266222961734e-01
173	1.663893510815307730e-01
174	1.663893510815307730e-01
175	8.319467554076538651e-02
176	8.319467554076538651e-02
177	8.319467554076538651e-02
178	8.319467554076538651e-02
179	8.319467554076538651e-02
180	8.319467554076538651e-02
181	8.319467554076538651e-02
182	8.319467554076538651e-02
183	8.319467554076538651e-02
184	8.319467554076538651e-02
185	8.319467554076538651e-02
186	8.319467554076538651e-02
187	8.319467554076538651e-02
188	8.319467554076538651e-02
189	8.319467554076538651e-02
190	8.319467554076538651e-02
191	8.319467554076538651e-02
192	0.000000000000000000e+00
193	0.000000000000000000e+00
194	0.000000000000000000e+00
195	0.000000000000000000e+00
196	0.000000000000000000e+00
197	0.000000000000000000e+00
198	0.000000000000000000e+00
199	0.000000000000000000e+00
200	0.000000000000000000e+00
201	0.000000000000000000e+00
202	0.000000000000000000e+00
203	0.000000000000000000e+00
204	0.000000000000000000e+00
205	0.000000000000000000e+00
206	0.000000000000000000e+00
207	0.000000000000000000e+00
208	0.000000000000000000e+00
209	0.000000000000000000e+00
210	0.000000000000000000e+00
211	0.000000000000000000e+00
212	0.000000000000000000e+00
213	0.000000000000000000e+00
214	0.000000000000000000e+00
215	0.000000000000000000e+00
216	0.000000000000000000e+00
217	0.000000000000000000e+00
218	0.000000000000000000e+00
219	0.000000000000000000e+00
220	0.000000000000000000e+00
221	0.000000000000000000e+00
222	0.000000000000000000e+00
223	0.000000000000000000e+00
224	0.000000000000000000e+00
225	0.000000000000000000e+00
226	0.000000000000000000e+00
227	0.000000000000000000e+00
228	0.000000000000000000e+00
229	0.000000000000000000e+00
230	0.000000000000000000e+00
231	0.000000000000000000e+00
232	0.000000000000000000e+00
233	0.000000000000000000e+00
234	0.000000000000000000e+00
235	0.000000000000000000e+00
236	0.000000000000000000e+00
237	0.000000000000000000e+00
238	0.000000000000000000e+00
